110
338
388
108
688
274
750
12
660
345
915
338
598
789
488
122
445
844
572
316
119
475
202
303
653
163
875
936
106
544
233
389
324
879
503
218
781
268
844
295
804
957
382
732
124
823
50
378
318
811
882
528
994
420
176
366
617
999
991
658
262
887
784
717
787
45
274
416
183
745
419
712
821
423
131
515
240
968
304
734
498
812
755
406
844
41
65
15
792
819
678
795
834
96
596
610
125
366
554
747
601
36
680
149
986
994
366
412
157
926
435
947
907
987
571
714
176
407
754
996
269
970
438
416
945
607
241
434
830
704
987
62
768
242
662
328
312
730
315
866
127
746
90
355
718
429
838
385
602
970
263
339
261
120
561
389
559
23
842
632
460
878
129
133
975
623
162
558
660
131
222
378
338
507
63
883
255
156
704
814
782
798
515
982
52
625
701
300
513
205
332
959
329
85
568
821
346
302
503
995
279
