12
15
23
36
41
45
50
52
62
63
65
85
90
96
106
108
110
119
120
122
124
125
127
129
131
131
133
149
156
157
162
163
176
176
183
202
205
218
222
233
240
241
242
255
261
262
263
268
269
274
274
279
295
300
302
303
304
312
315
316
318
324
328
329
332
338
338
338
339
345
346
355
366
366
366
378
378
382
385
388
389
389
406
407
412
416
416
419
420
423
429
434
435
438
445
460
475
488
498
503
503
507
513
515
515
528
544
554
558
559
561
568
571
572
596
598
601
602
607
610
617
623
625
632
653
658
660
660
662
678
680
688
701
704
704
712
714
717
718
730
732
734
745
746
747
750
754
755
768
781
782
784
787
789
792
795
798
804
811
812
814
819
821
821
823
830
834
838
842
844
844
844
866
875
878
879
882
883
887
907
915
926
936
945
947
957
959
968
970
970
975
982
986
987
987
991
994
994
995
996
999
